34
16
27
21
4
28
16
4
Bereshit
14
16
22
15
10
44
32
4
Noach
13
11
14
20
10
37
21
4
Lech-Lecha
14
19
20
40
17
13
24
5
Vayera
16
13
17
26
15
11
7
3
Chayei Sara
21
7
10
7
33
23
5
3
Toldot
13
17
31
14
32
26
15
3
Vayetzei
10
17
8
15
42
37
24
4
Vayishlach
11
11
14
30
6
17
23
4
Vayeshev
14
24
14
23
35
14
22
4
Miketz
13
11
11
9
28
17
17
3
Vayigash
13
7
6
18
8
27
6
4
Vayechi
17
15
15
15
24
14
24
3
Shemot
12
15
9
28
12
26
19
3
Vaera
11
12
9
27
8
23
16
3
Bo
14
6
11
32
11
26
16
3
Beshalach
12
11
4
6
13
20
9
5
12
11
4
6
13
20
9
5
Yitro
19
21
23
9
14
6
26
4
Mishpatim
16
14
24
16
7
8
11
3
Terumah
14
18
13
18
19
9
10
3
Tetzaveh
45
47
5
7
9
17
9
3
Ki Tisa
20
9
13
12
35
13
20
3
Vayakhel
12
20
11
11
16
11
11
5
Pekudei
13
10
10
17
26
19
16
3
Vayikra
11
22
28
13
8
8
7
4
Tzav
16
7
12
4
5
32
15
3
Shmini
13
12
6
5
11
15
5
3
Tazria
12
8
12
21
19
13
5
3
Metzora
17
7
10
7
14
16
9
3
Achrei Mot
14
8
10
5
7
15
5
3
Kedoshim
15
25
17
22
10
12
23
3
Emor
13
5
6
4
10
8
11
3
Behar
3
4
37
15
6
7
6
3
Bechukotai
19
35
34
13
26
12
20
4
Bamidbar
17
12
10
48
41
30
18
3
Nasso
14
12
14
19
24
31
22
3
Beha’alotcha
20
20
18
27
9
10
15
5
Sh’lach
13
6
24
7
9
24
12
3
Korach
17
11
7
8
17
11
16
3
Chukat
11
8
18
15
14
17
21
3
Balak
14
47
19
18
15
27
29
6
Pinchas
16
12
12
17
13
19
23
4
Matot
9
40
22
14
8
26
13
3
Masei
10
11
17
9
29
21
8
3
Devarim
11
36
9
18
15
22
11
3
Va’ethanan
25
13
26
11
20
12
4
4
Eikev
17
18
22
21
8
18
22
5
Re’eh
18
7
5
8
22
17
20
3
Shoftim
12
9
29
17
6
9
28
3
Ki Teitzei
11
4
4
10
22
63
8
3
Ki Tavo
3
3
14
6
4
4
6
6
3
3
14
6
4
4
6
6
Nitzavim
3
3
3
4
6
5
6
3
3
3
3
4
6
5
6
3
Vayeilech
6
6
6
10
11
4
9
5
6
6
6
10
11
4
9
5
Haazinu
7
5
5
4
5
3
12
Vezot Haberakhah
